
Filter ID:  |  Fs:   | Type: |  Order: |   f_low: | f_high: 

          0 |     32 |     1 |       8 |      0.1 | 0       
          1 |     32 |     1 |       8 |        1 | 0       
          2 |     32 |     1 |       8 |        2 | 0       
          3 |     32 |     1 |       8 |        5 | 0       
          4 |     32 |     1 |       8 |        0 | 15      
          5 |     32 |     1 |       8 |     0.01 | 15      
          6 |     32 |     1 |       8 |      0.1 | 15      
          7 |     32 |     1 |       8 |      0.5 | 15      
          8 |     32 |     1 |       8 |        2 | 15      
          9 |     64 |     1 |       8 |      0.1 | 0       
         10 |     64 |     1 |       8 |        1 | 0       
         11 |     64 |     1 |       8 |        2 | 0       
         12 |     64 |     1 |       8 |        5 | 0       
         13 |     64 |     1 |       8 |        0 | 30      
         14 |     64 |     1 |       8 |     0.01 | 30      
         15 |     64 |     1 |       8 |      0.1 | 30      
         16 |     64 |     1 |       8 |      0.5 | 30      
         17 |     64 |     1 |       8 |        2 | 30      
         18 |    128 |     1 |       8 |      0.1 | 0       
         19 |    128 |     1 |       8 |        1 | 0       
         20 |    128 |     1 |       8 |        2 | 0       
         21 |    128 |     1 |       8 |        5 | 0       
         22 |    128 |     1 |       8 |        0 | 30      
         23 |    128 |     1 |       8 |        0 | 60      
         24 |    128 |     1 |       8 |     0.01 | 30      
         25 |    128 |     1 |       8 |     0.01 | 60      
         26 |    128 |     1 |       8 |      0.1 | 30      
         27 |    128 |     1 |       8 |      0.1 | 60      
         28 |    128 |     1 |       8 |      0.5 | 30      
         29 |    128 |     1 |       8 |      0.5 | 60      
         30 |    128 |     1 |       8 |        2 | 30      
         31 |    128 |     1 |       8 |        2 | 60      
         32 |    256 |     1 |       8 |      0.1 | 0       
         33 |    256 |     1 |       8 |        1 | 0       
         34 |    256 |     1 |       8 |        2 | 0       
         35 |    256 |     1 |       8 |        5 | 0       
         36 |    256 |     1 |       8 |        0 | 30      
         37 |    256 |     1 |       8 |        0 | 60      
         38 |    256 |     1 |       8 |        0 | 100     
         39 |    256 |     1 |       6 |     0.01 | 30      
         40 |    256 |     1 |       8 |     0.01 | 60      
         41 |    256 |     1 |       8 |     0.01 | 100     
         42 |    256 |     1 |       8 |      0.1 | 30      
         43 |    256 |     1 |       8 |      0.1 | 60      
         44 |    256 |     1 |       8 |      0.1 | 100     
         45 |    256 |     1 |       8 |      0.5 | 30      
         46 |    256 |     1 |       8 |      0.5 | 60      
         47 |    256 |     1 |       8 |      0.5 | 100     
         48 |    256 |     1 |       8 |        2 | 30      
         49 |    256 |     1 |       8 |        2 | 60      
         50 |    256 |     1 |       8 |        2 | 100     
         51 |    256 |     1 |       8 |        5 | 30      
         52 |    256 |     1 |       8 |        5 | 60      
         53 |    256 |     1 |       8 |        5 | 100     
         54 |    512 |     1 |       8 |      0.1 | 0       
         55 |    512 |     1 |       8 |        1 | 0       
         56 |    512 |     1 |       8 |        2 | 0       
         57 |    512 |     1 |       8 |        5 | 0       
         58 |    512 |     1 |       8 |        0 | 30      
         59 |    512 |     1 |       8 |        0 | 60      
         60 |    512 |     1 |       8 |        0 | 100     
         61 |    512 |     1 |       8 |        0 | 200     
         62 |    512 |     1 |       6 |     0.01 | 30      
         63 |    512 |     1 |       6 |     0.01 | 60      
         64 |    512 |     1 |       6 |     0.01 | 100     
         65 |    512 |     1 |       8 |     0.01 | 200     
         66 |    512 |     1 |       8 |      0.1 | 30      
         67 |    512 |     1 |       8 |      0.1 | 60      
         68 |    512 |     1 |       8 |      0.1 | 100     
         69 |    512 |     1 |       8 |      0.1 | 200     
         70 |    512 |     1 |       8 |      0.5 | 30      
         71 |    512 |     1 |       8 |      0.5 | 60      
         72 |    512 |     1 |       8 |      0.5 | 100     
         73 |    512 |     1 |       8 |      0.5 | 200     
         74 |    512 |     1 |       8 |        2 | 30      
         75 |    512 |     1 |       8 |        2 | 60      
         76 |    512 |     1 |       8 |        2 | 100     
         77 |    512 |     1 |       8 |        2 | 200     
         78 |    512 |     1 |       8 |        5 | 30      
         79 |    512 |     1 |       8 |        5 | 60      
         80 |    512 |     1 |       8 |        5 | 100     
         81 |    512 |     1 |       8 |        5 | 200     
         82 |    600 |     1 |       8 |      0.1 | 0       
         83 |    600 |     1 |       8 |        1 | 0       
         84 |    600 |     1 |       8 |        2 | 0       
         85 |    600 |     1 |       8 |        5 | 0       
         86 |    600 |     1 |       8 |        0 | 30      
         87 |    600 |     1 |       8 |        0 | 60      
         88 |    600 |     1 |       8 |        0 | 100     
         89 |    600 |     1 |       8 |        0 | 200     
         90 |    600 |     1 |       8 |        0 | 250     
         91 |    600 |     1 |       6 |     0.01 | 60      
         92 |    600 |     1 |       6 |     0.01 | 100     
         93 |    600 |     1 |       6 |     0.01 | 200     
         94 |    600 |     1 |       8 |     0.01 | 250     
         95 |    600 |     1 |       8 |      0.1 | 60      
         96 |    600 |     1 |       8 |      0.1 | 100     
         97 |    600 |     1 |       8 |      0.1 | 200     
         98 |    600 |     1 |       8 |      0.1 | 250     
         99 |    600 |     1 |       8 |      0.5 | 30      
        100 |    600 |     1 |       8 |      0.5 | 60      
        101 |    600 |     1 |       8 |      0.5 | 100     
        102 |    600 |     1 |       8 |      0.5 | 200     
        103 |    600 |     1 |       8 |      0.5 | 250     
        104 |    600 |     1 |       8 |        2 | 30      
        105 |    600 |     1 |       8 |        2 | 60      
        106 |    600 |     1 |       8 |        2 | 100     
        107 |    600 |     1 |       8 |        2 | 200     
        108 |    600 |     1 |       8 |        2 | 250     
        109 |    600 |     1 |       8 |        5 | 30      
        110 |    600 |     1 |       8 |        5 | 60      
        111 |    600 |     1 |       8 |        5 | 100     
        112 |    600 |     1 |       8 |        5 | 200     
        113 |    600 |     1 |       8 |        5 | 250     
        114 |   1200 |     1 |       8 |      0.1 | 0       
        115 |   1200 |     1 |       8 |        1 | 0       
        116 |   1200 |     1 |       8 |        2 | 0       
        117 |   1200 |     1 |       8 |        5 | 0       
        118 |   1200 |     1 |       8 |        0 | 30      
        119 |   1200 |     1 |       8 |        0 | 60      
        120 |   1200 |     1 |       8 |        0 | 100     
        121 |   1200 |     1 |       8 |        0 | 200     
        122 |   1200 |     1 |       8 |        0 | 250     
        123 |   1200 |     1 |       8 |        0 | 500     
        124 |   1200 |     1 |       6 |     0.01 | 100     
        125 |   1200 |     1 |       6 |     0.01 | 200     
        126 |   1200 |     1 |       6 |     0.01 | 250     
        127 |   1200 |     1 |       6 |     0.01 | 500     
        128 |   1200 |     1 |       6 |      0.1 | 100     
        129 |   1200 |     1 |       8 |      0.1 | 200     
        130 |   1200 |     1 |       8 |      0.1 | 250     
        131 |   1200 |     1 |       8 |      0.1 | 500     
        132 |   1200 |     1 |       8 |      0.5 | 100     
        133 |   1200 |     1 |       8 |      0.5 | 200     
        134 |   1200 |     1 |       8 |      0.5 | 250     
        135 |   1200 |     1 |       8 |      0.5 | 500     
        136 |   1200 |     1 |       8 |        2 | 100     
        137 |   1200 |     1 |       8 |        2 | 200     
        138 |   1200 |     1 |       8 |        2 | 250     
        139 |   1200 |     1 |       8 |        2 | 500     
        140 |   1200 |     1 |       8 |        5 | 100     
        141 |   1200 |     1 |       8 |        5 | 200     
        142 |   1200 |     1 |       8 |        5 | 250     
        143 |   1200 |     1 |       8 |        5 | 500     
        144 |   2400 |     1 |       8 |      0.1 | 0       
        145 |   2400 |     1 |       8 |        1 | 0       
        146 |   2400 |     1 |       8 |        2 | 0       
        147 |   2400 |     1 |       8 |        5 | 0       
        148 |   2400 |     1 |       8 |        0 | 30      
        149 |   2400 |     1 |       8 |        0 | 60      
        150 |   2400 |     1 |       8 |        0 | 100     
        151 |   2400 |     1 |       8 |        0 | 200     
        152 |   2400 |     1 |       8 |        0 | 250     
        153 |   2400 |     1 |       8 |        0 | 500     
        154 |   2400 |     1 |       8 |        0 | 1000    
        155 |   2400 |     1 |       4 |     0.01 | 200     
        156 |   2400 |     1 |       6 |     0.01 | 250     
        157 |   2400 |     1 |       6 |     0.01 | 500     
        158 |   2400 |     1 |       6 |     0.01 | 1000    
        159 |   2400 |     1 |       6 |      0.1 | 200     
        160 |   2400 |     1 |       6 |      0.1 | 250     
        161 |   2400 |     1 |       8 |      0.1 | 500     
        162 |   2400 |     1 |       8 |      0.1 | 1000    
        163 |   2400 |     1 |       8 |      0.5 | 200     
        164 |   2400 |     1 |       8 |      0.5 | 250     
        165 |   2400 |     1 |       8 |      0.5 | 500     
        166 |   2400 |     1 |       8 |      0.5 | 1000    
        167 |   2400 |     1 |       8 |        2 | 200     
        168 |   2400 |     1 |       8 |        2 | 250     
        169 |   2400 |     1 |       8 |        2 | 500     
        170 |   2400 |     1 |       8 |        2 | 1000    
        171 |   2400 |     1 |       8 |        5 | 200     
        172 |   2400 |     1 |       8 |        5 | 250     
        173 |   2400 |     1 |       8 |        5 | 500     
        174 |   2400 |     1 |       8 |        5 | 1000    
        175 |   4800 |     1 |       6 |      0.1 | 0       
        176 |   4800 |     1 |       8 |        1 | 0       
        177 |   4800 |     1 |       8 |        2 | 0       
        178 |   4800 |     1 |       8 |        5 | 0       
        179 |   4800 |     1 |       8 |        0 | 30      
        180 |   4800 |     1 |       8 |        0 | 60      
        181 |   4800 |     1 |       8 |        0 | 100     
        182 |   4800 |     1 |       8 |        0 | 200     
        183 |   4800 |     1 |       8 |        0 | 250     
        184 |   4800 |     1 |       8 |        0 | 500     
        185 |   4800 |     1 |       8 |        0 | 1000    
        186 |   4800 |     1 |       8 |        0 | 2000    
        187 |   4800 |     1 |       6 |     0.01 | 500     
        188 |   4800 |     1 |       6 |     0.01 | 1000    
        189 |   4800 |     1 |       6 |     0.01 | 2000    
        190 |   4800 |     1 |       6 |      0.1 | 500     
        191 |   4800 |     1 |       6 |      0.1 | 1000    
        192 |   4800 |     1 |       8 |      0.1 | 2000    
        193 |   4800 |     1 |       8 |      0.5 | 500     
        194 |   4800 |     1 |       8 |      0.5 | 1000    
        195 |   4800 |     1 |       8 |      0.5 | 2000    
        196 |   4800 |     1 |       8 |        2 | 500     
        197 |   4800 |     1 |       8 |        2 | 1000    
        198 |   4800 |     1 |       8 |        2 | 2000    
        199 |   4800 |     1 |       8 |        5 | 500     
        200 |   4800 |     1 |       8 |        5 | 1000    
        201 |   4800 |     1 |       8 |        5 | 2000    



Notch ID:   |  Fs:   | Type: |  Order: |   f_low: | f_high: 

          0 |    128 |     1 |       4 |       48 | 52      
          1 |    128 |     1 |       4 |       58 | 62      
          2 |    256 |     1 |       4 |       48 | 52      
          3 |    256 |     1 |       4 |       58 | 62      
          4 |    512 |     1 |       4 |       48 | 52      
          5 |    512 |     1 |       4 |       58 | 62      
          6 |    600 |     1 |       4 |       48 | 52      
          7 |    600 |     1 |       4 |       58 | 62      
          8 |   1200 |     1 |       4 |       48 | 52      
          9 |   1200 |     1 |       4 |       58 | 62      
         10 |   2400 |     1 |       4 |       48 | 52      
         11 |   2400 |     1 |       4 |       58 | 62      
         12 |   4800 |     1 |       4 |       48 | 52      
         13 |   4800 |     1 |       4 |       58 | 62      
